{
  "advancedEditorSelectedIdentifier" : "BehaviorsPluginID",
  "openSceneRelativePaths" : [
    "Immersive.usda",
    "light-bulb-rad.usdc",
    "Scene.usda"
  ],
  "recentIdentifiers" : {
    "01C7D29B-5C46-41E0-9F33-646C830E1A25" : [

    ],
    "AF09ED6F-1707-48FD-8720-65B998362C09" : [

    ]
  },
  "sceneCameraHistory" : {
    "01C7D29B-5C46-41E0-9F33-646C830E1A25" : [
      {
        "date" : 748017546.024466,
        "title" : "Untitled",
        "transform" : [
          -0.015224643,
          1.5546321e-09,
          -0.9998841,
          0,
          -0.36976463,
          0.92910844,
          0.005630207,
          0,
          0.92900074,
          0.36980748,
          -0.014145241,
          0,
          0.31729966,
          0.28326353,
          -0.05967352,
          1
        ]
      },
      {
        "date" : 748007991.393286,
        "title" : "Untitled",
        "transform" : [
          -0.015224643,
          1.5546321e-09,
          -0.9998841,
          0,
          -0.3697646,
          0.9291083,
          0.0056302063,
          0,
          0.92900074,
          0.36980748,
          -0.014145241,
          0,
          0.38580704,
          0.110483676,
          -0.07747916,
          1
        ]
      },
      {
        "date" : 748007989.482777,
        "title" : "Untitled",
        "transform" : [
          0.22857484,
          2.1974067e-10,
          -0.97352636,
          0,
          -0.29817843,
          0.9519391,
          -0.070009485,
          0,
          0.92673796,
          0.30628696,
          0.21758947,
          0,
          0.39367357,
          0.0843295,
          0.018887503,
          1
        ]
      },
      {
        "date" : 748007985.712322,
        "title" : "Untitled",
        "transform" : [
          -0.94601023,
          1.5635404e-09,
          -0.3241368,
          0,
          -0.17207682,
          0.84744865,
          0.50221527,
          0,
          0.27468944,
          0.53087723,
          -0.80169517,
          0,
          0.05434256,
          0.17971045,
          -0.3794849,
          1
        ]
      },
      {
        "date" : 748007982.231113,
        "title" : "Untitled",
        "transform" : [
          -0.74634534,
          3.0588863e-09,
          -0.665559,
          0,
          -0.23537755,
          0.9353762,
          0.26394793,
          0,
          0.6225482,
          0.35365388,
          -0.6981136,
          0,
          0.20431621,
          0.10377605,
          -0.33668965,
          1
        ]
      },
      {
        "date" : 748007964.766443,
        "title" : "Untitled",
        "transform" : [
          -0.22500859,
          2.5896476e-09,
          -0.97435665,
          0,
          -0.3562381,
          0.93076664,
          0.082266234,
          0,
          0.9068989,
          0.36561358,
          -0.20943043,
          0,
          0.36100405,
          0.10873844,
          -0.15684749,
          1
        ]
      },
      {
        "date" : 747997795.893106,
        "title" : "Untitled",
        "transform" : [
          -0.17602473,
          9.598287e-10,
          -0.9843857,
          0,
          -0.7839349,
          0.60481024,
          0.14018077,
          0,
          0.5953667,
          0.7963696,
          -0.10646146,
          0,
          0.25291827,
          0.29294705,
          -0.11796058,
          1
        ]
      },
      {
        "date" : 747997793.964277,
        "title" : "Untitled",
        "transform" : [
          -0.06433159,
          1.3171276e-09,
          -0.99792856,
          0,
          -0.8267164,
          0.56008905,
          0.0532944,
          0,
          0.55892885,
          0.82843244,
          -0.036031336,
          0,
          0.2480802,
          0.30734062,
          -0.08773999,
          1
        ]
      },
      {
        "date" : 747959984.387391,
        "title" : "Untitled",
        "transform" : [
          -0.38520524,
          1.5078925e-09,
          -0.9228309,
          0,
          -0.61817974,
          0.7424755,
          0.25803873,
          0,
          0.68517935,
          0.66987324,
          -0.28600538,
          0,
          0.26730844,
          0.2376196,
          -0.18916517,
          1
        ]
      },
      {
        "date" : 747959975.718825,
        "title" : "Untitled",
        "transform" : [
          -0.38520524,
          1.5078925e-09,
          -0.9228309,
          0,
          -0.61817974,
          0.7424755,
          0.25803873,
          0,
          0.68517935,
          0.66987324,
          -0.28600538,
          0,
          0.12630162,
          0.09333753,
          -0.04864313,
          1
        ]
      }
    ],
    "AF09ED6F-1707-48FD-8720-65B998362C09" : [
      {
        "date" : 748036140.765648,
        "title" : "Untitled",
        "transform" : [
          1,
          0,
          0,
          0,
          0,
          1,
          0,
          0,
          0,
          0,
          1,
          0,
          0.15253711,
          1.2605189,
          2,
          1
        ]
      },
      {
        "date" : 748017654.579385,
        "title" : "Untitled",
        "transform" : [
          1,
          0,
          0,
          0,
          0,
          1,
          0,
          0,
          0,
          0,
          1,
          0,
          0.011960745,
          1.6119609,
          2,
          1
        ]
      },
      {
        "date" : 748017648.554914,
        "title" : "Untitled",
        "transform" : [
          0.050808184,
          2.145987e-08,
          -0.9987085,
          0,
          -0.61461526,
          0.7882071,
          -0.03126784,
          0,
          0.78718907,
          0.61541015,
          0.0400474,
          0,
          8.513826,
          6.2976007,
          0.4546631,
          1
        ]
      },
      {
        "date" : 748017644.304484,
        "title" : "Untitled",
        "transform" : [
          -0.036740568,
          2.1357335e-08,
          -0.99932486,
          0,
          -0.6852795,
          0.72784436,
          0.025194593,
          0,
          0.727353,
          0.68574256,
          -0.02674139,
          0,
          7.901704,
          7.059919,
          -0.26899093,
          1
        ]
      },
      {
        "date" : 748017640.004153,
        "title" : "Untitled",
        "transform" : [
          -0.043750767,
          2.8595903e-08,
          -0.9990425,
          0,
          -0.18515448,
          0.982676,
          0.008108428,
          0,
          0.98173505,
          0.18533197,
          -0.04299279,
          0,
          2.9760933,
          2.0321689,
          -1.1385424,
          1
        ]
      },
      {
        "date" : 748016883.937585,
        "title" : "Untitled",
        "transform" : [
          -0.043750767,
          2.8595903e-08,
          -0.9990425,
          0,
          -0.18515448,
          0.982676,
          0.008108428,
          0,
          0.98173505,
          0.18533197,
          -0.04299279,
          0,
          3.2264733,
          0.75216573,
          -0.93895054,
          1
        ]
      },
      {
        "date" : 748016877.739149,
        "title" : "Untitled",
        "transform" : [
          -0.69912213,
          2.7904392e-08,
          -0.7150023,
          0,
          -0.5270288,
          0.67578286,
          0.5153235,
          0,
          0.4831863,
          0.73710084,
          -0.47245473,
          0,
          0.19001031,
          1.338227,
          -1.3003174,
          1
        ]
      },
      {
        "date" : 748016863.430307,
        "title" : "Untitled",
        "transform" : [
          -0.69912213,
          2.7904392e-08,
          -0.7150023,
          0,
          -0.5270288,
          0.67578286,
          0.5153235,
          0,
          0.4831863,
          0.73710084,
          -0.47245473,
          0,
          0.17620198,
          1.3759476,
          -1.2555896,
          1
        ]
      },
      {
        "date" : 748016862.356509,
        "title" : "Untitled",
        "transform" : [
          -0.69912213,
          2.7904392e-08,
          -0.7150023,
          0,
          -0.5270288,
          0.67578286,
          0.5153235,
          0,
          0.4831863,
          0.73710084,
          -0.47245473,
          0,
          0.15033293,
          1.3364843,
          -1.2302951,
          1
        ]
      },
      {
        "date" : 748016835.174311,
        "title" : "Untitled",
        "transform" : [
          -0.69912213,
          2.7904392e-08,
          -0.7150023,
          0,
          -0.5270288,
          0.67578286,
          0.5153235,
          0,
          0.4831863,
          0.73710084,
          -0.47245473,
          0,
          0.27228624,
          1.1829778,
          -1.3450648,
          1
        ]
      }
    ]
  },
  "sceneViewportBackgroundColors" : {

  },
  "selectedSceneRelativePath" : "light-bulb-rad.usdc"
}