{
  "advancedEditorSelectedIdentifier" : "ProjectBrowser",
  "openSceneRelativePaths" : [
    "Immersive.usda",
    "light-bulb-rad.usdc"
  ],
  "recentIdentifiers" : {
    "01C7D29B-5C46-41E0-9F33-646C830E1A25" : [

    ],
    "AF09ED6F-1707-48FD-8720-65B998362C09" : [

    ]
  },
  "sceneCameraHistory" : {
    "01C7D29B-5C46-41E0-9F33-646C830E1A25" : [
      {
        "date" : 748017546.024466,
        "title" : "Untitled",
        "transform" : [
          -0.015224643,
          1.5546321e-09,
          -0.9998841,
          0,
          -0.36976463,
          0.92910844,
          0.005630207,
          0,
          0.92900074,
          0.36980748,
          -0.014145241,
          0,
          0.31729966,
          0.28326353,
          -0.05967352,
          1
        ]
      },
      {
        "date" : 748007991.393286,
        "title" : "Untitled",
        "transform" : [
          -0.015224643,
          1.5546321e-09,
          -0.9998841,
          0,
          -0.3697646,
          0.9291083,
          0.0056302063,
          0,
          0.92900074,
          0.36980748,
          -0.014145241,
          0,
          0.38580704,
          0.110483676,
          -0.07747916,
          1
        ]
      },
      {
        "date" : 748007989.482777,
        "title" : "Untitled",
        "transform" : [
          0.22857484,
          2.1974067e-10,
          -0.97352636,
          0,
          -0.29817843,
          0.9519391,
          -0.070009485,
          0,
          0.92673796,
          0.30628696,
          0.21758947,
          0,
          0.39367357,
          0.0843295,
          0.018887503,
          1
        ]
      },
      {
        "date" : 748007985.712322,
        "title" : "Untitled",
        "transform" : [
          -0.94601023,
          1.5635404e-09,
          -0.3241368,
          0,
          -0.17207682,
          0.84744865,
          0.50221527,
          0,
          0.27468944,
          0.53087723,
          -0.80169517,
          0,
          0.05434256,
          0.17971045,
          -0.3794849,
          1
        ]
      },
      {
        "date" : 748007982.231113,
        "title" : "Untitled",
        "transform" : [
          -0.74634534,
          3.0588863e-09,
          -0.665559,
          0,
          -0.23537755,
          0.9353762,
          0.26394793,
          0,
          0.6225482,
          0.35365388,
          -0.6981136,
          0,
          0.20431621,
          0.10377605,
          -0.33668965,
          1
        ]
      },
      {
        "date" : 748007964.766443,
        "title" : "Untitled",
        "transform" : [
          -0.22500859,
          2.5896476e-09,
          -0.97435665,
          0,
          -0.3562381,
          0.93076664,
          0.082266234,
          0,
          0.9068989,
          0.36561358,
          -0.20943043,
          0,
          0.36100405,
          0.10873844,
          -0.15684749,
          1
        ]
      },
      {
        "date" : 747997795.893106,
        "title" : "Untitled",
        "transform" : [
          -0.17602473,
          9.598287e-10,
          -0.9843857,
          0,
          -0.7839349,
          0.60481024,
          0.14018077,
          0,
          0.5953667,
          0.7963696,
          -0.10646146,
          0,
          0.25291827,
          0.29294705,
          -0.11796058,
          1
        ]
      },
      {
        "date" : 747997793.964277,
        "title" : "Untitled",
        "transform" : [
          -0.06433159,
          1.3171276e-09,
          -0.99792856,
          0,
          -0.8267164,
          0.56008905,
          0.0532944,
          0,
          0.55892885,
          0.82843244,
          -0.036031336,
          0,
          0.2480802,
          0.30734062,
          -0.08773999,
          1
        ]
      },
      {
        "date" : 747959984.387391,
        "title" : "Untitled",
        "transform" : [
          -0.38520524,
          1.5078925e-09,
          -0.9228309,
          0,
          -0.61817974,
          0.7424755,
          0.25803873,
          0,
          0.68517935,
          0.66987324,
          -0.28600538,
          0,
          0.26730844,
          0.2376196,
          -0.18916517,
          1
        ]
      },
      {
        "date" : 747959975.718825,
        "title" : "Untitled",
        "transform" : [
          -0.38520524,
          1.5078925e-09,
          -0.9228309,
          0,
          -0.61817974,
          0.7424755,
          0.25803873,
          0,
          0.68517935,
          0.66987324,
          -0.28600538,
          0,
          0.12630162,
          0.09333753,
          -0.04864313,
          1
        ]
      }
    ],
    "AF09ED6F-1707-48FD-8720-65B998362C09" : [
      {
        "date" : 748107378.504722,
        "title" : "Untitled",
        "transform" : [
          0.9594483,
          -3.1329321e-09,
          0.28188434,
          0,
          0.14096557,
          0.86597747,
          -0.47980386,
          0,
          -0.24410546,
          0.5000831,
          0.8308606,
          0,
          -0.91972506,
          3.7476888,
          -0.13947558,
          1
        ]
      },
      {
        "date" : 748107338.242096,
        "title" : "Untitled",
        "transform" : [
          0.7646631,
          3.3096228e-09,
          0.64443016,
          0,
          0.13369793,
          0.97824216,
          -0.1586423,
          0,
          -0.6304087,
          0.20746695,
          0.7480257,
          0,
          -1.9552537,
          2.6754253,
          -1.1503731,
          1
        ]
      },
      {
        "date" : 748107334.610142,
        "title" : "Untitled",
        "transform" : [
          0.99979043,
          -5.0857496e-10,
          -0.02046955,
          0,
          0.0014811249,
          0.9973788,
          0.07234239,
          0,
          0.020415926,
          -0.0723575,
          0.9971698,
          0,
          0.04498911,
          1.7073711,
          0.42214274,
          1
        ]
      },
      {
        "date" : 748107221.080503,
        "title" : "Untitled",
        "transform" : [
          0.99987435,
          3.6182812e-10,
          -0.015855022,
          0,
          -0.008473998,
          0.845189,
          -0.5344005,
          0,
          0.013400523,
          0.5344677,
          0.8450827,
          0,
          0.021420214,
          3.7838879,
          -0.07420921,
          1
        ]
      },
      {
        "date" : 748107217.598122,
        "title" : "Untitled",
        "transform" : [
          0.99987435,
          3.6182812e-10,
          -0.015855022,
          0,
          -0.008473998,
          0.845189,
          -0.5344005,
          0,
          0.013400523,
          0.5344677,
          0.8450827,
          0,
          0.008674987,
          2.7224584,
          -1.8150821,
          1
        ]
      },
      {
        "date" : 748107209.996027,
        "title" : "Untitled",
        "transform" : [
          0.46661353,
          1.3244239e-11,
          0.88446134,
          0,
          0.056843612,
          0.9979326,
          -0.029988866,
          0,
          -0.8826328,
          0.064269185,
          0.46564886,
          0,
          33.41947,
          -1.7129434,
          -14.815639,
          1
        ]
      },
      {
        "date" : 748086534.668376,
        "title" : "Untitled",
        "transform" : [
          0.46661353,
          1.3244239e-11,
          0.88446134,
          0,
          0.056843612,
          0.9979326,
          -0.029988866,
          0,
          -0.8826328,
          0.064269185,
          0.46564886,
          0,
          0.454625,
          1.4570684,
          -0.92264795,
          1
        ]
      },
      {
        "date" : 748086080.774941,
        "title" : "Untitled",
        "transform" : [
          0.99909127,
          3.1430392e-10,
          0.042622715,
          0,
          0.0040341113,
          0.9955109,
          -0.09456097,
          0,
          -0.042431377,
          0.09464699,
          0.99460626,
          0,
          0.96773916,
          1.4755512,
          -0.6038271,
          1
        ]
      },
      {
        "date" : 748085885.585602,
        "title" : "Untitled",
        "transform" : [
          1,
          0,
          0,
          0,
          0,
          1,
          0,
          0,
          0,
          0,
          1,
          0,
          0.9934046,
          1.4172666,
          -0.57873815,
          1
        ]
      },
      {
        "date" : 748053131.07529,
        "title" : "Untitled",
        "transform" : [
          1,
          0,
          0,
          0,
          0,
          1,
          0,
          0,
          0,
          0,
          1,
          0,
          0.9959029,
          1.3635513,
          -0.57873815,
          1
        ]
      }
    ]
  },
  "sceneViewportBackgroundColors" : {

  },
  "selectedSceneRelativePath" : "Immersive.usda"
}