{
  "advancedEditorSelectedIdentifier" : "ShaderGraphEditorPluginID",
  "openSceneRelativePaths" : [
    "Immersive.usda",
    "light-bulb-rad.usdc",
    "Scene.usda"
  ],
  "recentIdentifiers" : {
    "01C7D29B-5C46-41E0-9F33-646C830E1A25" : [

    ],
    "AF09ED6F-1707-48FD-8720-65B998362C09" : [

    ]
  },
  "sceneCameraHistory" : {
    "01C7D29B-5C46-41E0-9F33-646C830E1A25" : [
      {
        "date" : 747997795.893106,
        "title" : "Untitled",
        "transform" : [
          -0.17602473,
          9.598287e-10,
          -0.9843857,
          0,
          -0.7839349,
          0.60481024,
          0.14018077,
          0,
          0.5953667,
          0.7963696,
          -0.10646146,
          0,
          0.25291827,
          0.29294705,
          -0.11796058,
          1
        ]
      },
      {
        "date" : 747997793.964277,
        "title" : "Untitled",
        "transform" : [
          -0.06433159,
          1.3171276e-09,
          -0.99792856,
          0,
          -0.8267164,
          0.56008905,
          0.0532944,
          0,
          0.55892885,
          0.82843244,
          -0.036031336,
          0,
          0.2480802,
          0.30734062,
          -0.08773999,
          1
        ]
      },
      {
        "date" : 747959984.387391,
        "title" : "Untitled",
        "transform" : [
          -0.38520524,
          1.5078925e-09,
          -0.9228309,
          0,
          -0.61817974,
          0.7424755,
          0.25803873,
          0,
          0.68517935,
          0.66987324,
          -0.28600538,
          0,
          0.26730844,
          0.2376196,
          -0.18916517,
          1
        ]
      },
      {
        "date" : 747959975.718825,
        "title" : "Untitled",
        "transform" : [
          -0.38520524,
          1.5078925e-09,
          -0.9228309,
          0,
          -0.61817974,
          0.7424755,
          0.25803873,
          0,
          0.68517935,
          0.66987324,
          -0.28600538,
          0,
          0.12630162,
          0.09333753,
          -0.04864313,
          1
        ]
      },
      {
        "date" : 747959971.581574,
        "title" : "Untitled",
        "transform" : [
          -0.2835123,
          4.1617065e-09,
          -0.9589686,
          0,
          -0.7785742,
          0.58381456,
          0.23017998,
          0,
          0.5598599,
          0.811887,
          -0.16551852,
          0,
          0.10722193,
          0.11966005,
          -0.027784891,
          1
        ]
      },
      {
        "date" : 747959961.307324,
        "title" : "Untitled",
        "transform" : [
          -0.25672558,
          7.478754e-09,
          -0.9664843,
          0,
          -0.2923233,
          0.95316184,
          0.07764935,
          0,
          0.9212161,
          0.3024605,
          -0.24470098,
          0,
          0.16060193,
          0.028265666,
          -0.03877823,
          1
        ]
      },
      {
        "date" : 747959955.431865,
        "title" : "Untitled",
        "transform" : [
          -0.99697393,
          4.4113513e-10,
          0.07773778,
          0,
          0.072064325,
          0.37501648,
          0.92421293,
          0,
          -0.029152878,
          0.92701817,
          -0.37388158,
          0,
          -0.0025202855,
          0.14519362,
          -0.083845064,
          1
        ]
      },
      {
        "date" : 747959945.359748,
        "title" : "Untitled",
        "transform" : [
          -0.97962534,
          -8.7274543e-10,
          -0.20083399,
          0,
          -0.15660942,
          0.62603444,
          0.7639073,
          0,
          0.12572904,
          0.7797954,
          -0.6132791,
          0,
          0.028368901,
          0.114992276,
          -0.118770584,
          1
        ]
      },
      {
        "date" : 747959930.449832,
        "title" : "Untitled",
        "transform" : [
          -0.26504362,
          1.886363e-09,
          -0.96423644,
          0,
          -0.58599085,
          0.7941472,
          0.16107371,
          0,
          0.76574576,
          0.6077253,
          -0.21048363,
          0,
          0.14159201,
          0.082574725,
          -0.03502817,
          1
        ]
      },
      {
        "date" : 747959927.061373,
        "title" : "Untitled",
        "transform" : [
          -0.9692935,
          1.9989868e-09,
          -0.24590693,
          0,
          -0.18353948,
          0.6655223,
          0.7234592,
          0,
          0.16365656,
          0.7463779,
          -0.6450864,
          0,
          0.038739286,
          0.10833866,
          -0.12499038,
          1
        ]
      }
    ],
    "AF09ED6F-1707-48FD-8720-65B998362C09" : [
      {
        "date" : 748000429.92324,
        "title" : "Untitled",
        "transform" : [
          -0.69912213,
          2.7904392e-08,
          -0.7150023,
          0,
          -0.5270288,
          0.67578286,
          0.5153235,
          0,
          0.4831863,
          0.73710084,
          -0.47245473,
          0,
          0.073010966,
          1.3505641,
          -1.2874061,
          1
        ]
      },
      {
        "date" : 747997960.449797,
        "title" : "Untitled",
        "transform" : [
          -0.69912213,
          2.7904392e-08,
          -0.7150023,
          0,
          -0.5270288,
          0.67578286,
          0.5153235,
          0,
          0.4831863,
          0.73710084,
          -0.47245473,
          0,
          0.06514627,
          1.3677493,
          -1.2686379,
          1
        ]
      },
      {
        "date" : 747964799.959326,
        "title" : "Untitled",
        "transform" : [
          -0.69912213,
          1.205116e-10,
          -0.71500224,
          0,
          -0.52702874,
          0.6757828,
          0.5153235,
          0,
          0.48318624,
          0.73710084,
          -0.47245473,
          0,
          0.08926924,
          3.1225016,
          -0.084945306,
          1
        ]
      },
      {
        "date" : 747964769.776044,
        "title" : "Untitled",
        "transform" : [
          -0.2929802,
          -1.0683465e-08,
          -0.9561185,
          0,
          -0.47649348,
          0.86696887,
          0.14601026,
          0,
          0.828925,
          0.49836233,
          -0.25400463,
          0,
          0.1481905,
          3.079529,
          -0.043658655,
          1
        ]
      },
      {
        "date" : 747964762.126891,
        "title" : "Untitled",
        "transform" : [
          0.3915895,
          1.543281e-10,
          -0.92014,
          0,
          -0.17167518,
          0.9824407,
          -0.07306084,
          0,
          0.903983,
          0.18657506,
          0.38471347,
          0,
          -7.242991,
          1.49934,
          -3.0811422,
          1
        ]
      },
      {
        "date" : 747964759.058711,
        "title" : "Untitled",
        "transform" : [
          0.3915895,
          1.543281e-10,
          -0.92014,
          0,
          -0.17167518,
          0.9824407,
          -0.07306084,
          0,
          0.903983,
          0.18657506,
          0.38471347,
          0,
          0.15762264,
          3.0244858,
          0.068899274,
          1
        ]
      },
      {
        "date" : 747964755.724601,
        "title" : "Untitled",
        "transform" : [
          0.39158943,
          1.3376162e-09,
          -0.92014015,
          0,
          -0.17167519,
          0.98244065,
          -0.07306084,
          0,
          0.903983,
          0.18657508,
          0.38471344,
          0,
          -0.9431651,
          0.4539171,
          -1.4099847,
          1
        ]
      },
      {
        "date" : 747964046.032663,
        "title" : "Untitled",
        "transform" : [
          0.3541911,
          -5.2488627e-09,
          -0.9351731,
          0,
          -0.7413602,
          0.6095446,
          -0.28078565,
          0,
          0.5700297,
          0.79275185,
          0.21589528,
          0,
          0.33302602,
          1.9606098,
          -1.0082318,
          1
        ]
      },
      {
        "date" : 747964044.814783,
        "title" : "Untitled",
        "transform" : [
          -0.07258081,
          6.0779404e-10,
          -0.99736255,
          0,
          0.0060414425,
          0.99998164,
          -0.00043968414,
          0,
          0.99734426,
          -0.0060574287,
          -0.07257944,
          0,
          0.8478344,
          1.351892,
          -1.200491,
          1
        ]
      },
      {
        "date" : 747964039.083683,
        "title" : "Untitled",
        "transform" : [
          0.7631463,
          -1.6995969e-09,
          -0.64622575,
          0,
          -0.34155416,
          0.84891033,
          -0.403351,
          0,
          0.5485877,
          0.5285369,
          0.64784276,
          0,
          0.35500687,
          1.7778087,
          -0.68336993,
          1
        ]
      }
    ]
  },
  "sceneViewportBackgroundColors" : {

  },
  "selectedSceneRelativePath" : "light-bulb-rad.usdc"
}