{
  "advancedEditorSelectedIdentifier" : "ProjectBrowser",
  "openSceneRelativePaths" : [
    "Immersive.usda",
    "light-bulb-rad.usdc",
    "Scene.usda"
  ],
  "recentIdentifiers" : {
    "01C7D29B-5C46-41E0-9F33-646C830E1A25" : [

    ],
    "AF09ED6F-1707-48FD-8720-65B998362C09" : [

    ]
  },
  "sceneCameraHistory" : {
    "01C7D29B-5C46-41E0-9F33-646C830E1A25" : [
      {
        "date" : 747959984.387391,
        "title" : "Untitled",
        "transform" : [
          -0.38520524,
          1.5078925e-09,
          -0.9228309,
          0,
          -0.61817974,
          0.7424755,
          0.25803873,
          0,
          0.68517935,
          0.66987324,
          -0.28600538,
          0,
          0.26730844,
          0.2376196,
          -0.18916517,
          1
        ]
      },
      {
        "date" : 747959975.718825,
        "title" : "Untitled",
        "transform" : [
          -0.38520524,
          1.5078925e-09,
          -0.9228309,
          0,
          -0.61817974,
          0.7424755,
          0.25803873,
          0,
          0.68517935,
          0.66987324,
          -0.28600538,
          0,
          0.12630162,
          0.09333753,
          -0.04864313,
          1
        ]
      },
      {
        "date" : 747959971.581574,
        "title" : "Untitled",
        "transform" : [
          -0.2835123,
          4.1617065e-09,
          -0.9589686,
          0,
          -0.7785742,
          0.58381456,
          0.23017998,
          0,
          0.5598599,
          0.811887,
          -0.16551852,
          0,
          0.10722193,
          0.11966005,
          -0.027784891,
          1
        ]
      },
      {
        "date" : 747959961.307324,
        "title" : "Untitled",
        "transform" : [
          -0.25672558,
          7.478754e-09,
          -0.9664843,
          0,
          -0.2923233,
          0.95316184,
          0.07764935,
          0,
          0.9212161,
          0.3024605,
          -0.24470098,
          0,
          0.16060193,
          0.028265666,
          -0.03877823,
          1
        ]
      },
      {
        "date" : 747959955.431865,
        "title" : "Untitled",
        "transform" : [
          -0.99697393,
          4.4113513e-10,
          0.07773778,
          0,
          0.072064325,
          0.37501648,
          0.92421293,
          0,
          -0.029152878,
          0.92701817,
          -0.37388158,
          0,
          -0.0025202855,
          0.14519362,
          -0.083845064,
          1
        ]
      },
      {
        "date" : 747959945.359748,
        "title" : "Untitled",
        "transform" : [
          -0.97962534,
          -8.7274543e-10,
          -0.20083399,
          0,
          -0.15660942,
          0.62603444,
          0.7639073,
          0,
          0.12572904,
          0.7797954,
          -0.6132791,
          0,
          0.028368901,
          0.114992276,
          -0.118770584,
          1
        ]
      },
      {
        "date" : 747959930.449832,
        "title" : "Untitled",
        "transform" : [
          -0.26504362,
          1.886363e-09,
          -0.96423644,
          0,
          -0.58599085,
          0.7941472,
          0.16107371,
          0,
          0.76574576,
          0.6077253,
          -0.21048363,
          0,
          0.14159201,
          0.082574725,
          -0.03502817,
          1
        ]
      },
      {
        "date" : 747959927.061373,
        "title" : "Untitled",
        "transform" : [
          -0.9692935,
          1.9989868e-09,
          -0.24590693,
          0,
          -0.18353948,
          0.6655223,
          0.7234592,
          0,
          0.16365656,
          0.7463779,
          -0.6450864,
          0,
          0.038739286,
          0.10833866,
          -0.12499038,
          1
        ]
      },
      {
        "date" : 747959915.256101,
        "title" : "Untitled",
        "transform" : [
          0.33076805,
          3.4033087e-10,
          -0.9437121,
          0,
          -0.32358027,
          0.9393791,
          -0.11341383,
          0,
          0.8865034,
          0.3428803,
          0.31071657,
          0,
          0.15097779,
          0.035607483,
          0.056986354,
          1
        ]
      },
      {
        "date" : 747959860.268022,
        "title" : "Untitled",
        "transform" : [
          0.99980325,
          1.2460033e-12,
          -0.019837014,
          0,
          -0.010192993,
          0.8578878,
          -0.51373595,
          0,
          0.017017934,
          0.5138371,
          0.857719,
          0,
          -0.0008296108,
          0.06538504,
          0.1517687,
          1
        ]
      }
    ],
    "AF09ED6F-1707-48FD-8720-65B998362C09" : [
      {
        "date" : 747961569.268982,
        "title" : "Untitled",
        "transform" : [
          0.5967844,
          -6.0673595e-09,
          -0.80240166,
          0,
          -0.43699297,
          0.8386919,
          -0.32501248,
          0,
          0.6729678,
          0.54460627,
          0.50051814,
          0,
          6.1202936,
          3.8206925,
          5.578897,
          1
        ]
      },
      {
        "date" : 747960886.858147,
        "title" : "Untitled",
        "transform" : [
          0.3177,
          -6.713689e-09,
          -0.9481913,
          0,
          -0.58648396,
          0.78576195,
          -0.19650665,
          0,
          0.74505264,
          0.6185292,
          0.24963652,
          0,
          7.190292,
          4.5533257,
          3.2782164,
          1
        ]
      },
      {
        "date" : 747960776.768215,
        "title" : "Untitled",
        "transform" : [
          0.044583924,
          2.1382085e-09,
          -0.9990057,
          0,
          -0.80392855,
          0.59364283,
          -0.03587792,
          0,
          0.59305245,
          0.8047288,
          0.026466899,
          0,
          6.3276386,
          6.474165,
          1.1072321,
          1
        ]
      },
      {
        "date" : 747960769.320247,
        "title" : "Untitled",
        "transform" : [
          -0.13380414,
          2.4510618e-09,
          -0.9910078,
          0,
          -0.9860898,
          0.09950196,
          0.13314018,
          0,
          0.09860709,
          0.99503744,
          -0.013313784,
          0,
          2.262422,
          8.819553,
          0.52602875,
          1
        ]
      },
      {
        "date" : 747960730.431118,
        "title" : "Untitled",
        "transform" : [
          -0.13380416,
          2.451062e-09,
          -0.9910079,
          0,
          -0.98608994,
          0.099501975,
          0.13314019,
          0,
          0.09860709,
          0.99503744,
          -0.013313784,
          0,
          1.1113468,
          4.3323402,
          0.2583958,
          1
        ]
      },
      {
        "date" : 747960037.520636,
        "title" : "Untitled",
        "transform" : [
          -0.16653441,
          -1.1280359e-09,
          -0.9860357,
          0,
          -0.5605398,
          0.8226984,
          0.09467122,
          0,
          0.8112098,
          0.5684782,
          -0.1370076,
          0,
          4.003881,
          1.9923244,
          -0.2657196,
          1
        ]
      },
      {
        "date" : 747960001.92786,
        "title" : "Untitled",
        "transform" : [
          -0.16653441,
          -1.1280359e-09,
          -0.9860357,
          0,
          -0.5605398,
          0.8226984,
          0.09467122,
          0,
          0.8112098,
          0.5684782,
          -0.1370076,
          0,
          3.7142694,
          2.320025,
          -0.62076944,
          1
        ]
      },
      {
        "date" : 747959993.919906,
        "title" : "Untitled",
        "transform" : [
          0.13646469,
          -1.0837562e-09,
          -0.99064493,
          0,
          -0.57706386,
          0.8128211,
          -0.07949248,
          0,
          0.80521715,
          0.58251333,
          0.110921375,
          0,
          3.2905807,
          2.380484,
          0.45328858,
          1
        ]
      },
      {
        "date" : 747959991.691374,
        "title" : "Untitled",
        "transform" : [
          1,
          0,
          0,
          0,
          0,
          0.7071069,
          -0.70710677,
          0,
          0,
          0.70710677,
          0.7071069,
          0,
          0,
          2.8896449,
          2.8896453,
          1
        ]
      }
    ]
  },
  "sceneViewportBackgroundColors" : {

  },
  "selectedSceneRelativePath" : "Immersive.usda"
}